0 0.24473684210526314 0.2986842105263158 0.18157894736842106 0.3447368421052632
1 0.20368421052631583 0.5375 0.05368421052631582 0.11973684210526316
1 0.21868421052631581 0.7973684210526315 0.02368421052631582 0.04999999999999986
1 0.2743421052631579 0.8065789473684211 0.04973684210526315 0.09473684210526329
1 0.5190789473684211 0.7835526315789474 0.024473684210526373 0.0618421052631578
1 0.5356578947368422 0.5401315789473684 0.0244736842105263 0.07499999999999993
1 0.42828947368421055 0.0875 0.03868421052631582 0.08552631578947366
1 0.7484210526315791 0.44078947368421056 0.0378947368421052 0.03684210526315788
1 0.3765789473684211 0.5868421052631578 0.047368421052631504 0.0894736842105263
1 0.4227631578947369 0.41315789473684206 0.0244736842105263 0.021052631578947326
1 0.6528947368421053 0.6763157894736842 0.03631578947368411 0.0289473684210526
