1 0.36631578947368426 0.7565789473684211 0.0394736842105263 0.10526315789473685
1 0.2794736842105264 0.17763157894736842 0.07578947368421055 0.12105263157894734
1 0.2723684210526316 0.4493421052631579 0.05842105263157897 0.16184210526315795
1 0.2735526315789474 0.7197368421052631 0.010263157894736814 0.0289473684210526
1 0.5747368421052632 0.5835526315789473 0.0378947368421052 0.051315789473684245
1 0.5696052631578948 0.23618421052631577 0.045 0.06710526315789472
1 0.5435526315789474 0.175 0.027631578947368497 0.057894736842105256
0 0.43539473684210533 0.6868421052631579 0.05605263157894747 0.0842105263157896
0 0.41684210526315796 0.3440789473684211 0.1626315789473685 0.325
0 0.12592105263157896 0.5802631578947368 0.0513157894736842 0.2394736842105263
0 0.7136842105263159 0.4210526315789474 0.06789473684210534 0.06315789473684212
