0 0.7156578947368422 0.5848684210526316 0.135 0.2671052631578947
0 0.5747368421052633 0.30986842105263157 0.06631578947368418 0.11184210526315791
0 0.2269736842105263 0.2875 0.07815789473684209 0.08815789473684209
0 0.3781578947368422 0.5835526315789474 0.07894736842105267 0.09868421052631582
1 0.37144736842105275 0.21710526315789472 0.06394736842105267 0.1
1 0.24947368421052638 0.49736842105263157 0.025263157894736887 0.0605263157894737
1 0.43736842105263163 0.7197368421052631 0.012631578947368424 0.0684210526315789
1 0.30197368421052634 0.6335526315789474 0.07815789473684212 0.10657894736842109
1 0.16421052631578947 0.034868421052631576 0.03 0.03289473684210527
1 0.12078947368421054 0.7690789473684211 0.02684210526315791 0.03552631578947384
1 0.3390789473684211 0.08881578947368421 0.026052631578947327 0.05394736842105264
1 0.1586842105263158 0.8217105263157894 0.02052631578947368 0.032894736842105206
