1 0.5628947368421052 0.8111842105263157 0.0710526315789474 0.1197368421052633
1 0.1965789473684211 0.6736842105263159 0.05684210526315791 0.07631578947368425
1 0.6035526315789475 0.5256578947368421 0.022894736842105273 0.032894736842105275
1 0.6939473684210526 0.5302631578947369 0.018947368421052744 0.057894736842105346
1 0.11486842105263159 0.6473684210526315 0.01657894736842106 0.04210526315789473
1 0.17526315789473684 0.3078947368421052 0.02210526315789476 0.047368421052631574
1 0.33276315789473687 0.2144736842105263 0.015 0.015789473684210513
1 0.5901315789473685 0.24934210526315786 0.01973684210526315 0.030263157894736815
1 0.34184210526315795 0.544078947368421 0.0189473684210526 0.032894736842105206
1 0.596842105263158 0.35131578947368425 0.014210526315789451 0.026315789473684247
