0 0.3599999999999999 0.19671052631578956 0.2147368421052632 0.3144736842105265
0 0.640263157894737 0.14276315789473684 0.15473684210526314 0.27499999999999997
0 0.3631578947368421 0.5157894736842106 0.14052631578947367 0.23684210526315788
0 0.15750000000000003 0.3039473684210526 0.09552631578947372 0.2710526315789474
1 0.14210526315789476 0.5282894736842105 0.04421052631578947 0.07499999999999993
1 0.5356578947368422 0.7973684210526315 0.04500000000000007 0.0710526315789474
1 0.5842105263157895 0.4 0.04421052631578945 0.06578947368421055
0 0.500921052631579 0.5177631578947368 0.032368421052631643 0.06973684210526322
1 0.7203947368421052 0.7592105263157894 0.041842105263157944 0.1184210526315789
1 0.8103947368421055 0.7842105263157896 0.032368421052631643 0.10526315789473685
0 0.650921052631579 0.7532894736842104 0.07026315789473685 0.13815789473684206
1 0.39197368421052636 0.6907894736842105 0.0244736842105263 0.0605263157894737
1 0.12789473684210528 0.6940789473684211 0.03947368421052632 0.025
1 0.46736842105263166 0.8092105263157896 0.011052631578947399 0.05526315789473685
