1 0.2711842105263158 0.7980263157894737 0.046578947368421025 0.10657894736842109
1 0.12315789473684212 0.6802631578947369 0.08842105263157897 0.1105263157894737
1 0.28578947368421054 0.5348684210526317 0.05684210526315784 0.08815789473684213
1 0.5313157894736843 0.3157894736842105 0.05842105263157897 0.09210526315789473
1 0.38526315789473686 0.1875 0.028421052631578972 0.07236842105263158
1 0.19894736842105268 0.5151315789473685 0.03789473684210524 0.09342105263157897
1 0.7693421052631579 0.519078947368421 0.0339473684210526 0.0434210526315789
1 0.6513157894736843 0.35 0.02526315789473692 0.06315789473684216
1 0.5467105263157896 0.10855263157894736 0.016578947368421026 0.03026315789473685
1 0.4898684210526316 0.09342105263157893 0.0339473684210526 0.06315789473684211
1 0.78 0.22631578947368422 0.02684210526315795 0.05
1 0.7405263157894737 0.042105263157894736 0.023684210526315752 0.02631578947368421
1 0.16776315789473684 0.4677631578947368 0.02289473684210524 0.025
