0 0.2743421052631579 0.7184210526315788 0.0844736842105263 0.23157894736842102
0 0.4381578947368422 0.45065789473684204 0.09631578947368417 0.15394736842105267
0 0.5873684210526317 0.11776315789473683 0.05526315789473685 0.05921052631578945
1 0.6765789473684211 0.0894736842105263 0.04263157894736849 0.0894736842105263
1 0.6161842105263159 0.325 0.030789473684210478 0.03421052631578945
0 0.7764473684210528 0.4684210526315789 0.0734210526315789 0.09999999999999992
1 0.7448684210526316 0.6131578947368422 0.0434210526315789 0.06842105263157898
1 0.647763157894737 0.3671052631578947 0.030789473684210478 0.0394736842105263
1 0.7886842105263159 0.10328947368421051 0.020526315789473698 0.032894736842105254
1 0.8092105263157896 0.5592105263157895 0.02684210526315795 0.04473684210526322
1 0.37539473684210534 0.6263157894736843 0.04973684210526308 0.052631578947368494
