1 0.2996052631578948 0.8065789473684211 0.10184210526315794 0.15526315789473671
1 0.14960526315789477 0.049342105263157895 0.05921052631578947 0.07236842105263158
1 0.29763157894736847 0.5684210526315789 0.053684210526315786 0.13421052631578953
1 0.5064473684210528 0.3309210526315789 0.08289473684210527 0.1328947368421053
1 0.7721052631578948 0.6552631578947369 0.03473684210526315 0.08684210526315787
1 0.10776315789473685 0.2585526315789473 0.037105263157894725 0.040789473684210514
1 0.2403947368421053 0.19934210526315788 0.04815789473684212 0.05394736842105264
1 0.5348684210526315 0.1842105263157895 0.03868421052631575 0.047368421052631574
0 0.5960526315789474 0.5736842105263158 0.08368421052631582 0.18157894736842103
0 0.7176315789473685 0.5256578947368421 0.06473684210526329 0.10131578947368425
