1 0.44526315789473686 0.7973684210526316 0.056842105263157874 0.1131578947368422
1 0.31578947368421056 0.7559210526315789 0.060000000000000074 0.08289473684210534
1 0.21868421052631581 0.275 0.05684210526315791 0.1210526315789474
1 0.41723684210526313 0.12960526315789475 0.041842105263157875 0.061842105263157914
1 0.5853947368421053 0.4980263157894737 0.0528947368421052 0.06973684210526322
1 0.7851315789473685 0.4644736842105263 0.0355263157894737 0.0394736842105263
1 0.7882894736842107 0.7947368421052633 0.021315789473684246 0.03421052631578945
1 0.7263157894736844 0.6894736842105263 0.031578947368420957 0.04473684210526315
1 0.16342105263157897 0.31776315789473686 0.03157894736842105 0.04868421052631575
1 0.10697368421052633 0.3407894736842105 0.029210526315789468 0.05526315789473681
1 0.2936842105263158 0.16776315789473684 0.04578947368421048 0.05657894736842106
1 0.3225 0.030263157894736846 0.03394736842105267 0.052631578947368425
