0 0.4764473684210527 0.7526315789473685 0.0828947368421052 0.19736842105263164
0 0.2636842105263158 0.7907894736842106 0.10421052631578945 0.15
1 0.15947368421052632 0.3210526315789474 0.04894736842105267 0.06842105263157894
1 0.4294736842105264 0.5375 0.052105263157894655 0.11973684210526316
1 0.6911842105263158 0.33881578947368424 0.0434210526315789 0.08552631578947377
1 0.5972368421052632 0.475 0.0339473684210526 0.05
1 0.8032894736842106 0.2763157894736842 0.022894736842105204 0.07631578947368421
1 0.7421052631578948 0.27828947368421053 0.03473684210526315 0.059210526315789484
1 0.29013157894736846 0.09144736842105264 0.0244736842105263 0.046052631578947366
1 0.3592105263157896 0.2894736842105263 0.031578947368421026 0.0289473684210526
1 0.2640789473684211 0.4855263157894737 0.01815789473684216 0.0394736842105263
