0 0.2621052631578948 0.6157894736842106 0.07263157894736842 0.18684210526315786
0 0.2767105263157895 0.38815789473684215 0.1255263157894737 0.17894736842105263
0 0.7464473684210527 0.3868421052631579 0.11921052631578931 0.1763157894736842
0 0.3177631578947369 0.15657894736842107 0.05605263157894744 0.08421052631578947
1 0.4385526315789474 0.48881578947368426 0.03868421052631575 0.07236842105263158
1 0.5680263157894738 0.1980263157894737 0.05763157894736835 0.08815789473684209
1 0.5490789473684211 0.6967105263157896 0.03552631578947363 0.08289473684210534
1 0.3671052631578948 0.39671052631578946 0.04421052631578952 0.11973684210526316
1 0.5881578947368422 0.3894736842105263 0.0489473684210526 0.08684210526315787
1 0.7748684210526317 0.25 0.0244736842105263 0.05263157894736846
