0 0.45592105263157906 0.6039473684210526 0.07815789473684212 0.2
0 0.585 0.6039473684210527 0.06631578947368418 0.14210526315789465
1 0.31500000000000006 0.33223684210526316 0.061578947368421094 0.13026315789473686
1 0.1875 0.7559210526315789 0.04342105263157894 0.08289473684210534
1 0.23723684210526322 0.2980263157894737 0.04500000000000003 0.046052631578947366
1 0.5747368421052633 0.06184210526315789 0.031578947368421026 0.052631578947368425
1 0.34736842105263155 0.2236842105263158 0.05684210526315791 0.09736842105263158
1 0.4160526315789474 0.4289473684210526 0.022105263157894798 0.047368421052631574
1 0.6643421052631581 0.2967105263157895 0.06394736842105267 0.09868421052631582
1 0.6939473684210528 0.49868421052631573 0.03315789473684219 0.04210526315789473
1 0.2455263157894737 0.4934210526315789 0.031578947368421026 0.052631578947368425
