0 0.6398684210526316 0.3611842105263158 0.19815789473684212 0.375
1 0.5656578947368422 0.6546052631578948 0.075 0.18289473684210533
1 0.3280263157894737 0.830263157894737 0.05289473684210527 0.06578947368421055
1 0.2553947368421053 0.775 0.026052631578947397 0.052631578947368356
1 0.3710526315789474 0.6697368421052632 0.023684210526315752 0.06315789473684212
1 0.1772368421052632 0.6756578947368422 0.0655263157894737 0.10921052631578945
1 0.13421052631578947 0.12236842105263157 0.05526315789473685 0.052631578947368425
1 0.15078947368421056 0.5782894736842106 0.0394736842105263 0.03552631578947377
1 0.31697368421052635 0.3427631578947368 0.06078947368421048 0.12763157894736843
1 0.3051315789473684 0.5111842105263158 0.060789473684210546 0.1223684210526315
1 0.49855263157894747 0.3592105263157894 0.0655263157894737 0.12631578947368424
0 0.40934210526315795 0.14473684210526316 0.08131578947368424 0.1394736842105263
1 0.23368421052631583 0.12631578947368421 0.04578947368421051 0.08684210526315789
1 0.2147368421052632 0.042105263157894736 0.04894736842105267 0.08157894736842104
