1 0.31065789473684213 0.2881578947368421 0.04815789473684212 0.11842105263157894
1 0.4906578947368421 0.38223684210526315 0.07815789473684205 0.14342105263157898
1 0.6990789473684211 0.3210526315789474 0.029210526315789593 0.0894736842105263
1 0.7397368421052632 0.44473684210526315 0.041052631578947396 0.08421052631578946
1 0.6280263157894737 0.7473684210526315 0.046578947368421025 0.08684210526315794
1 0.4875 0.7065789473684211 0.04026315789473678 0.0789473684210526
1 0.6055263157894738 0.3309210526315789 0.03947368421052637 0.06973684210526322
1 0.380921052631579 0.21973684210526315 0.01973684210526315 0.05526315789473685
1 0.1468421052631579 0.5736842105263158 0.031578947368421026 0.04473684210526322
1 0.5040789473684211 0.1914473684210526 0.007105263157894726 0.04342105263157894
