1 0.18197368421052637 0.15328947368421045 0.04973684210526306 0.09078947368421064
1 0.30394736842105236 0.30986842105263135 0.03473684210526314 0.10131578947368418
1 0.626842105263158 0.3519736842105263 0.0489473684210526 0.08026315789473681
1 0.6015789473684211 0.13355263157894737 0.00473684210526315 0.003947368421052637
1 0.6039473684210528 0.1355263157894737 0.036315789473684176 0.07368421052631578
1 0.4460526315789474 0.0881578947368421 0.02526315789473692 0.018421052631578946
1 0.20136225236268743 0.3571513306180553 0.02965716319348328 0.062280042706314875
1 0.6156728221756496 0.5341057376725057 0.03974059867926769 0.060302898493416066
1 0.4246806912096169 0.734785875281743 0.02076001423543829 0.030645735299932822
1 0.6895191585274231 0.6700344023093043 0.027284590138004744 0.053382893748269995
1 0.5011961722488039 0.44068567361303335 0.017201154652220368 0.03558859583218009
1 0.5468682035667682 0.5528886076950452 0.013642295069002443 0.03657716793862939
1 0.7387500494286052 0.5934200640594725 0.00711771916643599 0.016805725809640536
