0 0.22199611506798633 0.14605263157894735 0.2427157524743317 0.1447368421052632
0 0.452872074738692 0.3414473684210526 0.2545555452779576 0.13026315789473678
0 0.5702833533746492 0.6625 0.32756760090031745 0.15657894736842104
0 0.3492738877069651 0.8065789473684211 0.3630869793111954 0.2
0 0.9074862023247927 0.9105263157894737 0.18502759535041463 0.1789473684210526
0 0.7242006598217866 0.37763157894736843 0.28020842968581383 0.1763157894736842
0 0.20226312706194308 0.4210526315789474 0.2900749236888354 0.14999999999999994
0 0.5337773255634692 0.12105263157894736 0.3019147164924615 0.14210526315789473
0 0.8403940431042457 0.1473684210526316 0.31921191379150854 0.21842105263157896
0 0.24666235007554033 0.6256578947368421 0.34335399130515215 0.14605263157894727
