1 0.12078947368421053 0.37368421052631584 0.07263157894736842 0.12368421052631579
1 0.11565789473684213 0.7269736842105263 0.075 0.2144736842105263
1 0.42236842105263167 0.7934210526315789 0.02526315789473685 0.10263157894736849
1 0.6134210526315791 0.39407894736842103 0.08210526315789479 0.1513157894736842
1 0.5676315789473685 0.1486842105263158 0.07263157894736835 0.13421052631578947
1 0.4290789473684211 0.1401315789473684 0.05447368421052637 0.04342105263157897
1 0.7271052631578948 0.49736842105263157 0.017368421052631648 0.03684210526315795
1 0.7973684210526318 0.22960526315789473 0.039473684210526445 0.04868421052631579
1 0.7985526315789474 0.34342105263157896 0.02921052631578945 0.0421052631578948
1 0.7397368421052632 0.7868421052631579 0.042631578947368354 0.0763157894736841
1 0.6868421052631579 0.22894736842105265 0.020526315789473698 0.04473684210526315
1 0.6844736842105263 0.04276315789473684 0.009473684210526443 0.019736842105263153
