1 0.1575 0.6585526315789474 0.06078947368421053 0.07763157894736836
1 0.5688157894736843 0.5335526315789474 0.06078947368421048 0.1328947368421053
1 0.685263157894737 0.6703947368421052 0.06947368421052644 0.13289473684210512
1 0.4440789473684211 0.8203947368421052 0.05289473684210527 0.10131578947368425
1 0.3047368421052632 0.3875 0.055263157894736924 0.09078947368421054
1 0.7180263157894737 0.12631578947368421 0.032368421052631643 0.052631578947368425
1 0.27631578947368424 0.11381578947368422 0.0505263157894737 0.08026315789473686
1 0.778421052631579 0.34144736842105267 0.0489473684210526 0.10394736842105264
1 0.41171052631578947 0.4164473684210526 0.05763157894736842 0.0960526315789474
1 0.2719736842105263 0.25065789473684214 0.03868421052631582 0.09868421052631579
1 0.47289473684210537 0.5177631578947368 0.052105263157894724 0.06710526315789472
1 0.49184210526315797 0.3526315789473684 0.07736842105263157 0.12631578947368421
1 0.4910526315789474 0.11578947368421053 0.022105263157894725 0.044736842105263186
1 0.8017105263157895 0.5157894736842106 0.0355263157894737 0.06842105263157905
1 0.29171052631578953 0.8328947368421052 0.02289473684210524 0.05
1 0.7934210526315789 0.15592105263157893 0.042631578947368354 0.09078947368421053
1 0.3544736842105264 0.3203947368421053 0.04578947368421055 0.06973684210526315
