1 0.13026315789473686 0.7098684210526316 0.05052631578947368 0.0776315789473685
1 0.15750000000000003 0.5631578947368421 0.04973684210526318 0.09473684210526315
1 0.2625 0.49276315789473685 0.060789473684210546 0.1381578947368422
1 0.5356578947368422 0.30921052631578944 0.06710526315789472 0.12631578947368421
1 0.4630263157894738 0.4539473684210526 0.0355263157894737 0.047368421052631574
1 0.5360526315789474 0.5611842105263157 0.030000000000000072 0.0618421052631578
1 0.7128947368421052 0.6453947368421052 0.056842105263157944 0.1460526315789474
1 0.7081578947368422 0.34407894736842104 0.04578947368421069 0.125
1 0.1306578947368421 0.16710526315789473 0.027631578947368424 0.06842105263157895
1 0.18394736842105266 0.2335526315789474 0.04736842105263161 0.10921052631578948
1 0.26447368421052636 0.1401315789473684 0.03315789473684209 0.04605263157894738
1 0.4117105263157895 0.11184210526315791 0.01973684210526315 0.06842105263157895
1 0.4101315789473685 0.22039473684210528 0.005526315789473771 0.025
1 0.3580263157894737 0.031578947368421054 0.03394736842105267 0.015789473684210523
1 0.7760526315789474 0.13486842105263158 0.03 0.09342105263157896
1 0.7440789473684211 0.8078947368421052 0.022894736842105346 0.06052631578947356
