1 0.6592105263157895 0.1401315789473684 0.04263157894736842 0.06184210526315788
1 0.1705263157894737 0.3394736842105263 0.056842105263157874 0.11842105263157901
1 0.2696052631578948 0.8013157894736841 0.04184210526315791 0.08947368421052644
1 0.2080263157894737 0.5 0.07815789473684212 0.10526315789473692
1 0.3485526315789474 0.5065789473684211 0.041842105263157944 0.0815789473684211
1 0.6576315789473685 0.6421052631578948 0.03947368421052637 0.06578947368421055
1 0.7815789473684212 0.8032894736842106 0.0378947368421052 0.0618421052631578
1 0.7231578947368422 0.06513157894736843 0.028421052631578902 0.07763157894736843
1 0.3426315789473685 0.6282894736842105 0.03947368421052637 0.0565789473684211
1 0.14565789473684213 0.18026315789473685 0.04026315789473685 0.047368421052631594
1 0.2692105263157895 0.1598684210526316 0.028421052631578972 0.04342105263157894
1 0.298421052631579 0.8453947368421052 0.015789473684210513 0.04078947368421055
