0 0.31894736842105265 0.39013157894736844 0.06789473684210531 0.13815789473684206
1 0.40342105263157907 0.5098684210526316 0.01894736842105267 0.04078947368421048
1 0.5131578947368421 0.4006578947368422 0.04578947368421055 0.07236842105263158
1 0.13736842105263158 0.6434210526315789 0.03473684210526315 0.04473684210526315
1 0.26565789473684215 0.6638157894736842 0.04973684210526318 0.06447368421052638
1 0.3876315789473685 0.4065789473684211 0.07421052631578945 0.11842105263157897
1 0.6809210526315789 0.25921052631578945 0.046578947368420956 0.11315789473684208
1 0.7472368421052633 0.2375 0.04026315789473685 0.0355263157894737
1 0.6765789473684211 0.7078947368421052 0.04263157894736849 0.05
1 0.6975 0.6361842105263158 0.01342105263157876 0.032894736842105345
0 0.4235526315789474 0.5973684210526315 0.05921052631578945 0.10526315789473685
1 0.21868421052631581 0.5763157894736842 0.034736842105263184 0.06578947368421055
1 0.7334210526315791 0.3394736842105263 0.028421052631578902 0.06578947368421051
