1 0.6272368421052633 0.7986842105263158 0.10342105263157897 0.194736842105263
1 0.28657894736842104 0.7565789473684211 0.07263157894736842 0.10789473684210535
1 0.20486842105263162 0.7263157894736841 0.051315789473684245 0.08947368421052616
1 0.7156578947368422 0.6328947368421053 0.01973684210526315 0.05526315789473685
1 0.5052631578947369 0.11776315789473685 0.04894736842105253 0.06710526315789474
1 0.1531578947368421 0.6519736842105263 0.03157894736842106 0.03815789473684213
1 0.7263157894736844 0.22171052631578944 0.022105263157894656 0.03552631578947366
1 0.5948684210526316 0.4453947368421053 0.022894736842105204 0.04078947368421055
1 0.23289473684210527 0.22105263157894736 0.02526315789473685 0.031578947368421026
1 0.5917105263157896 0.03092105263157895 0.018157894736842123 0.05394736842105264
1 0.1725 0.25065789473684214 0.02605263157894738 0.014473684210526336
1 0.38842105263157906 0.46513157894736845 0.026842105263157875 0.0355263157894737
