0 0.36671052631578954 0.4894736842105263 0.1160526315789474 0.1552631578947369
0 0.20289473684210527 0.26776315789473687 0.07578947368421055 0.11184210526315795
1 0.19618421052631582 0.5638157894736843 0.041842105263157875 0.06710526315789472
1 0.7610526315789474 0.6546052631578947 0.04421052631578945 0.08552631578947363
1 0.5376315789473685 0.7322368421052632 0.04578947368421048 0.0881578947368422
1 0.5838157894736843 0.5539473684210526 0.02921052631578945 0.03684210526315773
1 0.5372368421052633 0.23157894736842102 0.04026315789473678 0.05526315789473681
1 0.32842105263157895 0.24078947368421053 0.03789473684210524 0.03684210526315788
1 0.23960526315789477 0.7144736842105263 0.015 0.0210526315789474
1 0.7697368421052633 0.3486842105263158 0.015789473684210548 0.031578947368421095
